loading rocket ./rocket.txt
loading motor ./motors/CTI_910_1.txt
0.0
0.0
-1.0026036749035359e-07
-1.0026036749035359e-07
-1.0026036749035359e-07
-1.0026036749035359e-07
-4.924662568424731e-08
-4.924662568424731e-08
-4.924662568424731e-08
-4.924662568424731e-08
-9.840347253804425e-08
-9.840347253804425e-08
-9.840347253804425e-08
-9.840347253804425e-08
-1.9644784706304603e-07
-1.9644784706304603e-07
-1.9644784706304603e-07
-1.9644784706304603e-07
-2.941331581925237e-07
-2.941331581925237e-07
-2.941331581925237e-07
-2.941331581925237e-07
-3.9145944054399507e-07
-3.9145944054399507e-07
-3.9145944054399507e-07
-3.9145944054399507e-07
-1.3449832971223756e-06
-1.3449832971223756e-06
-1.3449832971223756e-06
-1.3449832971223756e-06
-2.2626423551701488e-06
-2.2626423551701488e-06
-2.2626423551701488e-06
-2.2626423551701488e-06
-3.1444712322054995e-06
-3.1444712322054995e-06
-3.1444712322054995e-06
-3.1444712322054995e-06
-3.990504545746605e-06
-3.990504545746605e-06
-3.990504545746605e-06
-3.990504545746605e-06
-1.0489697542974513e-05
-1.0489697542974513e-05
-1.0489697542974513e-05
-1.0489697542974513e-05
-1.3447413460778957e-05
-1.3447413460778957e-05
-1.3447413460778957e-05
-1.3447413460778957e-05
-1.2898269817342438e-05
-1.2898269817342438e-05
-1.2898269817342438e-05
-1.2898269817342438e-05
-8.87688413084744e-06
-8.87688413084744e-06
-8.87688413084744e-06
-8.87688413084744e-06
-1.4178739194764462e-06
-1.4178739194764462e-06
-1.4178739194764462e-06
-1.4178739194764462e-06
0.00013409706521897618
0.00013409706521897618
0.00013409706521897618
0.00013409706521897618
0.0004112469831057087
0.0004112469831057087
0.0004112469831057087
0.0004112469831057087
0.0008197014397114165
0.0008197014397114165
0.0008197014397114165
0.0008197014397114165
0.0013491299950067945
0.0013491299950067945
0.0013491299950067945
0.0013491299950067945
0.001989202208962538
0.001989202208962538
0.001989202208962538
0.001989202208962538
0.002729587641549343
0.002729587641549343
0.002729587641549343
0.002729587641549343
0.003988056034041165
0.003988056034041165
0.003988056034041165
0.003988056034041165
0.005410263476124906
0.005410263476124906
0.005410263476124906
0.005410263476124906
0.006962676382500436
0.006962676382500436
0.006962676382500436
0.006962676382500436
0.008611761167867618
0.008611761167867618
0.008611761167867618
0.008611761167867618
0.010323984246926321
0.010323984246926321
0.010323984246926321
0.010323984246926321
0.01206581572375604
0.01206581572375604
0.01206581572375604
0.01206581572375604
0.013810899941509336
0.013810899941509336
0.013810899941509336
0.013810899941509336
0.013810899941509336
0.013810899941509336
0.013810899941509336
0.013810899941509336
0.012414911552059284
0.012414911552059284
0.012414911552059284
0.012414911552059284
0.012763967508001867
0.012763967508001867
0.012763967508001867
0.012763967508001867
0.01311298397156816
0.01311298397156816
0.01311298397156816
0.01311298397156816
0.013461961322742529
0.013461961322742529
0.013461961322742529
0.013461961322742529
0.013810899941509342
0.013810899941509342
0.013810899941509342
0.013810899941509342
0.014508662501757747
0.014508662501757747
0.014508662501757747
0.014508662501757747
0.015206274692188295
0.015206274692188295
0.015206274692188295
0.015206274692188295
0.015903739552675912
0.015903739552675912
0.015903739552675912
0.015903739552675912
0.016601060123095528
0.016601060123095528
0.016601060123095528
0.016601060123095528
0.017298239443322046
0.017298239443322046
0.017298239443322046
0.017298239443322046
0.024262932657450383
0.024262932657450383
0.024262932657450383
0.024262932657450383
0.031216844714684548
0.031216844714684548
0.031216844714684548
0.031216844714684548
0.0381630154899468
0.0381630154899468
0.0381630154899468
0.0381630154899468
0.045104484858159447
0.045104484858159447
0.045104484858159447
0.045104484858159447
0.052044292694244765
0.052044292694244765
0.052044292694244765
0.052044292694244765
0.058985478873125045
0.058985478873125045
0.058985478873125045
0.058985478873125045
0.07567184574307743
0.07567184574307743
0.07567184574307743
0.07567184574307743
0.09242572403310934
0.09242572403310934
0.09242572403310934
0.09242572403310934
0.10928302027068285
0.10928302027068285
0.10928302027068285
0.10928302027068285
0.10928302027068285
0.10928302027068285
0.10461098172744335
0.10461098172744335
0.10461098172744335
0.10461098172744335
0.10461098172744335
0.10461098172744335
0.09485811029666709
0.09485811029666709
0.09485811029666709
0.09485811029666709
0.09729283086797916
0.09729283086797916
0.09729283086797916
0.09729283086797916
0.0997298843966335
0.0997298843966335
0.0997298843966335
0.0997298843966335
0.10216926873299868
0.10216926873299868
0.10216926873299868
0.10216926873299868
0.10461098172744336
0.10461098172744336
0.10461098172744336
0.10461098172744336
0.10705502123033618
0.10705502123033618
0.10705502123033618
0.10705502123033618
0.11195007116294073
0.11195007116294073
0.11195007116294073
0.11195007116294073
0.1168544013337613
0.1168544013337613
0.1168544013337613
0.1168544013337613
0.12176799454574694
0.12176799454574694
0.12176799454574694
0.12176799454574694
0.12669083360184666
0.12669083360184666
0.12669083360184666
0.12669083360184666
0.1316229013050095
0.1316229013050095
0.1316229013050095
0.1316229013050095
0.15976008534403086
0.15976008534403086
0.15976008534403086
0.15976008534403086
0.15414499750513289
0.15414499750513289
0.15414499750513289
0.15414499750513289
0.17685559479159504
0.17685559479159504
0.17685559479159504
0.17685559479159504
0.19975308073213432
0.19975308073213432
0.19975308073213432
0.19975308073213432
0.22283584289448916
0.22283584289448916
0.22283584289448916
0.22283584289448916
0.24610182128671004
0.24610182128671004
0.24610182128671004
0.24610182128671004
0.23818834019298044
0.23818834019298044
0.23818834019298044
0.23818834019298044
0.25361894449114236
0.25361894449114236
0.25361894449114236
0.25361894449114236
0.25211752988559044
0.25211752988559044
0.25211752988559044
0.25211752988559044
0.24096917682434632
0.24096917682434632
0.24096917682434632
0.24096917682434632
0.24375254003883942
0.24375254003883942
0.24375254003883942
0.24375254003883942
0.24653840390691065
0.24653840390691065
0.24653840390691065
0.24653840390691065
0.24932674249901077
0.24932674249901077
0.24932674249901077
0.24932674249901077
0.25211752988559033
0.25211752988559033
0.25211752988559033
0.25211752988559033
0.2577063473239913
0.2577063473239913
0.2577063473239913
0.2577063473239913
0.26330464878571946
0.26330464878571946
0.26330464878571946
0.26330464878571946
0.2689122268343807
0.2689122268343807
0.2689122268343807
0.2689122268343807
0.2745288740335812
0.2745288740335812
0.2745288740335812
0.2745288740335812
0.2801543829469267
0.2801543829469267
0.2801543829469267
0.2801543829469267
0.30346698630949337
0.30346698630949337
0.30346698630949337
0.30346698630949337
0.29907655133143213
0.29907655133143213
0.29907655133143213
0.29907655133143213
0.31808817751735186
0.31808817751735186
0.31808817751735186
0.31808817751735186
0.3371814445225415
0.3371814445225415
0.3371814445225415
0.3371814445225415
0.3563485353648562
0.3563485353648562
0.3563485353648562
0.3563485353648562
0.37558163306215125
0.37558163306215125
0.37558163306215125
0.37558163306215125
0.39487292063228235
0.39487292063228235
0.39487292063228235
0.39487292063228235
0.4305477439111534
0.4305477439111534
0.4305477439111534
0.4305477439111534
0.424708451799807
0.424708451799807
0.424708451799807
0.424708451799807
0.40083162344722933
0.40083162344722933
0.40083162344722933
0.40083162344722933
0.4067948860928469
0.4067948860928469
0.4067948860928469
0.4067948860928469
0.41276247453342724
0.41276247453342724
0.41276247453342724
0.41276247453342724
0.41873392527482395
0.41873392527482395
0.41873392527482395
0.41873392527482395
0.42470845179980704
0.42470845179980704
0.42470845179980704
0.42470845179980704
0.4306852432971801
0.4306852432971801
0.4306852432971801
0.4306852432971801
0.4406341955355271
0.4406341955355271
0.4406341955355271
0.4406341955355271
0.45058343819212604
0.45058343819212604
0.45058343819212604
0.45058343819212604
0.4605292346603725
0.4605292346603725
0.4605292346603725
0.4605292346603725
0.4704678483336621
0.4704678483336621
0.4704678483336621
0.4704678483336621
0.48039554260539036
0.48039554260539036
0.48039554260539036
0.48039554260539036
0.5116612498669677
0.5116612498669677
0.5116612498669677
0.5116612498669677
0.5047020480524594
0.5047020480524594
0.5047020480524594
0.5047020480524594
0.5288648787220159
0.5288648787220159
0.5288648787220159
0.5288648787220159
0.5528287200848064
0.5528287200848064
0.5528287200848064
0.5528287200848064
0.5765414958195954
0.5765414958195954
0.5765414958195954
0.5765414958195954
0.5684910750391801
0.5684910750391801
0.5684910750391801
0.5684910750391801
0.5840371034216308
0.5840371034216308
0.5840371034216308
0.5840371034216308
0.5825347847479554
0.5825347847479554
0.5825347847479554
0.5825347847479554
0.5713073326863912
0.5713073326863912
0.5713073326863912
0.5713073326863912
0.5741198057806985
0.5741198057806985
0.5741198057806985
0.5741198057806985
0.5769285210222779
0.5769285210222779
0.5769285210222779
0.5769285210222779
0.5797335051113048
0.5797335051113048
0.5797335051113048
0.5797335051113048
0.5825347847479553
0.5825347847479553
0.5825347847479553
0.5825347847479553
0.5881263374648301
0.5881263374648301
0.5881263374648301
0.5881263374648301
0.5937033927743094
0.5937033927743094
0.5937033927743094
0.5937033927743094
0.599266164277799
0.599266164277799
0.599266164277799
0.599266164277799
0.6048148655767062
0.6048148655767062
0.6048148655767062
0.6048148655767062
0.6103497102724371
0.6103497102724371
0.6103497102724371
0.6103497102724371
0.6339064127578224
0.6339064127578224
0.6339064127578224
0.6339064127578224
0.6572220015659244
0.6572220015659244
0.6572220015659244
0.6572220015659244
0.6445911641273787
0.6445911641273787
0.6445911641273787
0.6445911641273787
0.6360473807419036
0.6360473807419036
0.6360473807419036
0.6360473807419036
0.6381863494221623
0.6381863494221623
0.6381863494221623
0.6381863494221623
0.6403233092473363
0.6403233092473363
0.6403233092473363
0.6403233092473363
0.6424582506661625
0.6424582506661625
0.6424582506661625
0.6424582506661625
0.6445911641273784
0.6445911641273784
0.6445911641273784
0.6445911641273784
0.6488508689719282
0.6488508689719282
0.6488508689719282
0.6488508689719282
0.6531023473708837
0.6531023473708837
0.6531023473708837
0.6531023473708837
0.6573455229141423
0.6573455229141423
0.6573455229141423
0.6573455229141423
0.6615803191916022
0.6615803191916022
0.6615803191916022
0.6615803191916022
0.6658066597931612
0.6658066597931612
0.6658066597931612
0.6658066597931612
0.6919928002696383
0.6919928002696383
0.6919928002696383
0.6919928002696383
0.7178278927098278
0.7178278927098278
0.7178278927098278
0.7178278927098278
0.7432933513071586
0.7432933513071586
0.7432933513071586
0.7432933513071586
0.7683705902550599
0.7683705902550599
0.7683705902550599
0.7683705902550599
0.7930410237469605
0.7930410237469605
0.7930410237469605
0.7930410237469605
0.8172860659762898
0.8172860659762898
0.8172860659762898
0.8172860659762898
0.8515101185508716
0.8515101185508716
0.8515101185508716
0.8515101185508716
0.8847523086513577
0.8847523086513577
0.8847523086513577
0.8847523086513577
0.9169566631904371
0.9169566631904371
0.9169566631904371
0.9169566631904371
0.948067209080798
0.948067209080798
0.948067209080798
0.948067209080798
0.9778444808434495
0.9778444808434495
0.9778444808434495
0.9778444808434495
0.9778444808434495
0.9778444808434495
0.9714084519766575
0.9714084519766575
0.9714084519766575
0.9714084519766575
0.9527933058515081
0.9527933058515081
0.9527933058515081
0.9527933058515081
0.9574915056990887
0.9574915056990887
0.9574915056990887
0.9574915056990887
0.9621615994590978
0.9621615994590978
0.9621615994590978
0.9621615994590978
0.9668033779670943
0.9668033779670943
0.9668033779670943
0.9668033779670943
0.9714084519766575
0.9714084519766575
0.9714084519766575
0.9714084519766575
0.9713541494192391
0.9713541494192391
0.9713541494192391
0.9713541494192391
0.9677173303257919
0.9677173303257919
0.9677173303257919
0.9677173303257919
0.9686300571425216
0.9686300571425216
0.9686300571425216
0.9686300571425216
0.9695409427156484
0.9695409427156484
0.9695409427156484
0.9695409427156484
0.9704492268702041
0.9704492268702041
0.9704492268702041
0.9704492268702041
0.9717988442977891
0.9717988442977891
0.9717988442977891
0.9717988442977891
0.9731384380296222
0.9731384380296222
0.9731384380296222
0.9731384380296222
0.9744654779734693
0.9744654779734693
0.9744654779734693
0.9744654779734693
0.9757774340370957
0.9757774340370957
0.9757774340370957
0.9757774340370957
0.9770717761282672
0.9770717761282672
0.9770717761282672
0.9770717761282672
0.9818142063811978
0.9818142063811978
0.9818142063811978
0.9818142063811978
0.9861204512549928
0.9861204512549928
0.9861204512549928
0.9861204512549928
0.9898539100643934
0.9898539100643934
0.9898539100643934
0.9898539100643934
0.9886325961077824
0.9886325961077824
0.9886325961077824
0.9886325961077824
0.9866438171334245
0.9866438171334245
0.9866438171334245
0.9866438171334245
0.9871569901613839
0.9871569901613839
0.9871569901613839
0.9871569901613839
0.9876596539726955
0.9876596539726955
0.9876596539726955
0.9876596539726955
0.988151546411845
0.988151546411845
0.988151546411845
0.988151546411845
0.9886325961077823
0.9886325961077823
0.9886325961077823
0.9886325961077823
0.9892517154580741
0.9892517154580741
0.9892517154580741
0.9892517154580741
0.9898517742659245
0.9898517742659245
0.9898517742659245
0.9898517742659245
0.9904327045968808
0.9904327045968808
0.9904327045968808
0.9904327045968808
0.9909944385164909
0.9909944385164909
0.9909944385164909
0.9909944385164909
0.991536908090302
0.991536908090302
0.991536908090302
0.991536908090302
0.9940524072759028
0.9940524072759028
0.9940524072759028
0.9940524072759028
0.9960318531855149
0.9960318531855149
0.9960318531855149
0.9960318531855149
0.9974658174611248
0.9974658174611248
0.9974658174611248
0.9974658174611248
0.9983950569943016
0.9983950569943016
0.9983950569943016
0.9983950569943016
0.9980960092357302
0.9980960092357302
0.9980960092357302
0.9980960092357302
0.9976067478267817
0.9976067478267817
0.9976067478267817
0.9976067478267817
0.9977399023608402
0.9977399023608402
0.9977399023608402
0.9977399023608402
0.9978656108895313
0.9978656108895313
0.9978656108895313
0.9978656108895313
0.9979842032390844
0.9979842032390844
0.9979842032390844
0.9979842032390844
0.9980960092357302
0.9980960092357302
0.9980960092357302
0.9980960092357302
0.998300581475218
0.998300581475218
0.998300581475218
0.998300581475218
0.998481966217836
0.998481966217836
0.998481966217836
0.998481966217836
0.9986428020734235
0.9986428020734235
0.9986428020734235
0.9986428020734235
0.9987857276518218
0.9987857276518218
0.9987857276518218
0.9987857276518218
0.9989133815628706
0.9989133815628706
0.9989133815628706
0.9989133815628706
0.9993326252728875
0.9993326252728875
0.9993326252728875
0.9993326252728875
0.9991847048535955
0.9991847048535955
0.9991847048535955
0.9991847048535955
0.9994022856344909
0.9994022856344909
0.9994022856344909
0.9994022856344909
0.9992905884529901
0.9992905884529901
0.9992905884529901
0.9992905884529901
0.9992067441893211
0.9992067441893211
0.9992067441893211
0.9992067441893211
0.9992283474757007
0.9992283474757007
0.9992283474757007
0.9992283474757007
0.9992495194541571
0.9992495194541571
0.9992495194541571
0.9992495194541571
0.9992702648661127
0.9992702648661127
0.9992702648661127
0.9992702648661127
0.9992905884529901
0.9992905884529901
0.9992905884529901
0.9992905884529901
0.9993299891172004
0.9993299891172004
0.9993299891172004
0.9993299891172004
0.9993677593781694
0.9993677593781694
0.9993677593781694
0.9993677593781694
0.9994039371672762
0.9994039371672762
0.9994039371672762
0.9994039371672762
0.9994385604159022
0.9994385604159022
0.9994385604159022
0.9994385604159022
0.9994716670554268
0.9994716670554268
0.9994716670554268
0.9994716670554268
0.999727664853834
0.999727664853834
0.999727664853834
0.999727664853834
0.9998737262606502
0.9998737262606502
0.9998737262606502
0.9998737262606502
0.9999477826563151
0.9999477826563151
0.9999477826563151
0.9999477826563151
0.9999877654212669
0.9999877654212669
0.9999877654212669
0.9999877654212669
1.0000316059359449
1.0000316059359449
1.0000316059359449
1.0000316059359449
1.0000181742603562
1.0000181742603562
1.0000181742603562
1.0000181742603562
0.9999931633298501
0.9999931633298501
0.9999931633298501
0.9999931633298501
0.999998775519333
0.999998775519333
0.999998775519333
0.999998775519333
1.0000047296384333
1.0000047296384333
1.0000047296384333
1.0000047296384333
1.0000047296384333
1.0000047296384333
1.0000047296384333
1.0000047296384333
0.9999999349040248
0.9999999349040248
0.9999999349040248
0.9999999349040248
1.0000011089870908
1.0000011089870908
1.0000011089870908
1.0000011089870908
1.000000822668346
1.000000822668346
1.000000822668346
1.000000822668346
1.0000017193065032
1.0000017193065032
1.0000017193065032
1.0000017193065032
1.0000026252620695
1.0000026252620695
1.0000026252620695
1.0000026252620695
1.000004466899716
1.000004466899716
1.000004466899716
1.000004466899716
1.0000063511298627
1.0000063511298627
1.0000063511298627
1.0000063511298627
1.0000082815010864
1.0000082815010864
1.0000082815010864
1.0000082815010864
1.0000309036595494
1.0000309036595494
1.0000309036595494
1.0000309036595494
1.0000620433606233
1.0000620433606233
1.0000620433606233
1.0000620433606233
1.0001052491814784
1.0001052491814784
1.0001052491814784
1.0001052491814784
1.0001640696992875
1.0001640696992875
1.0001640696992875
1.0001640696992875
1.0017512220347413
1.0017512220347413
1.0017512220347413
1.0017512220347413
1.0067662846423602
1.0067662846423602
1.0067662846423602
1.0067662846423602
1.0172932681720104
1.0172932681720104
1.0172932681720104
1.0172932681720104
1.03541618327359
1.03541618327359
1.03541618327359
1.03541618327359
1.063219040597006
1.063219040597006
1.063219040597006
1.063219040597006
1.1198133783831734
1.1198133783831734
1.1198133783831734
1.1198133783831734
1.2029869896495713
1.2029869896495713
1.2029869896495713
1.2029869896495713
1.3178704963053327
1.3178704963053327
1.3178704963053327
1.3178704963053327
1.4695945202595906
1.4695945202595906
1.4695945202595906
1.4695945202595906
1.43798113493143
1.43798113493143
1.43798113493143
1.43798113493143
1.5851118281879688
1.5851118281879688
1.5851118281879688
1.5851118281879688
1.762006924456525
1.762006924456525
1.762006924456525
1.762006924456525
1.728864059752335
1.728864059752335
1.728864059752335
1.728864059752335
1.8944399420495772
1.8944399420495772
1.8944399420495772
1.8944399420495772
2.0833829547030986
2.0833829547030986
2.0833829547030986
2.0833829547030986
2.297236577334841
2.297236577334841
2.297236577334841
2.297236577334841
2.2556302934680965
2.2556302934680965
2.2556302934680965
2.2556302934680965
2.445240740300527
2.445240740300527
2.445240740300527
2.445240740300527
2.6530485316595196
2.6530485316595196
2.6530485316595196
2.6530485316595196
2.879887904003553
2.879887904003553
2.879887904003553
2.879887904003553
2.839225864954244
2.839225864954244
2.839225864954244
2.839225864954244
3.038888304595304
3.038888304595304
3.038888304595304
3.038888304595304
3.252507547982405
3.252507547982405
3.252507547982405
3.252507547982405
3.4805552925133014
3.4805552925133014
3.4805552925133014
3.4805552925133014
3.4410823433518605
3.4410823433518605
3.4410823433518605
3.4410823433518605
3.639902356996873
3.639902356996873
3.639902356996873
3.639902356996873
3.8492386972587553
3.8492386972587553
3.8492386972587553
3.8492386972587553
4.0693624724814175
4.0693624724814175
4.0693624724814175
4.0693624724814175
4.031854356412239
4.031854356412239
4.031854356412239
4.031854356412239
4.222113194267095
4.222113194267095
4.222113194267095
4.222113194267095
4.420171950352135
4.420171950352135
4.420171950352135
4.420171950352135
4.6261873642000655
4.6261873642000655
4.6261873642000655
4.6261873642000655
4.840316175342946
4.840316175342946
4.840316175342946
4.840316175342946
4.7928667244109056
4.7928667244109056
4.7928667244109056
4.7928667244109056
4.964578388509949
4.964578388509949
4.964578388509949
4.964578388509949
5.141397218405637
5.141397218405637
5.141397218405637
5.141397218405637
5.323398076003166
5.323398076003166
5.323398076003166
5.323398076003166
5.292288826500931
5.292288826500931
5.292288826500931
5.292288826500931
5.446802663563478
5.446802663563478
5.446802663563478
5.446802663563478
5.604981703053529
5.604981703053529
5.604981703053529
5.604981703053529
5.766868918433281
5.766868918433281
5.766868918433281
5.766868918433281
5.932507283162987
5.932507283162987
5.932507283162987
5.932507283162987
5.896227101652076
5.896227101652076
5.896227101652076
5.896227101652076
6.027905138213933
6.027905138213933
6.027905138213933
6.027905138213933
6.161923649982054
6.161923649982054
6.161923649982054
6.161923649982054
6.298303258818342
6.298303258818342
6.298303258818342
6.298303258818342
6.275214890154443
6.275214890154443
6.275214890154443
6.275214890154443
6.390152105275426
6.390152105275426
6.390152105275426
6.390152105275426
6.5067471687599285
6.5067471687599285
6.5067471687599285
6.5067471687599285
6.625011954028068
6.625011954028068
6.625011954028068
6.625011954028068
6.74495833449347
6.74495833449347
6.74495833449347
6.74495833449347
6.718867385310328
6.718867385310328
6.718867385310328
6.718867385310328
6.813761267903238
6.813761267903238
6.813761267903238
6.813761267903238
6.909699316313792
6.909699316313792
6.909699316313792
6.909699316313792
7.0066872450334055
7.0066872450334055
7.0066872450334055
7.0066872450334055
6.990352657755735
6.990352657755735
6.990352657755735
6.990352657755735
7.071736639165462
7.071736639165462
7.071736639165462
7.071736639165462
7.15385455572954
7.15385455572954
7.15385455572954
7.15385455572954
7.236709702620247
7.236709702620247
7.236709702620247
7.236709702620247
7.32030537500597
7.32030537500597
7.32030537500597
7.32030537500597
7.302185946874985
7.302185946874985
7.302185946874985
7.302185946874985
7.368118948953329
7.368118948953329
7.368118948953329
7.368118948953329
7.434510296766033
7.434510296766033
7.434510296766033
7.434510296766033
7.501361578243324
7.501361578243324
7.501361578243324
7.501361578243324
7.490130008638304
7.490130008638304
7.490130008638304
7.490130008638304
7.546069375404379
7.546069375404379
7.546069375404379
7.546069375404379
7.6023293131710075
7.6023293131710075
7.6023293131710075
7.6023293131710075
7.658910738028064
7.658910738028064
7.658910738028064
7.658910738028064
7.715814566053736
7.715814566053736
7.715814566053736
7.715814566053736
7.703498439480503
7.703498439480503
7.703498439480503
7.703498439480503
7.748284771201582
7.748284771201582
7.748284771201582
7.748284771201582
7.793270174708538
7.793270174708538
7.793270174708538
7.793270174708538
7.838455091531593
7.838455091531593
7.838455091531593
7.838455091531593
7.8308690316365865
7.8308690316365865
7.8308690316365865
7.8308690316365865
7.868606390351009
7.868606390351009
7.868606390351009
7.868606390351009
7.906482505514312
7.906482505514312
7.906482505514312
7.906482505514312
7.944497631812374
7.944497631812374
7.944497631812374
7.944497631812374
7.982652023905105
7.982652023905105
7.982652023905105
7.982652023905105
7.974394864511384
7.974394864511384
7.974394864511384
7.974394864511384
8.004377797546894
8.004377797546894
8.004377797546894
8.004377797546894
8.03444655358444
8.03444655358444
8.03444655358444
8.03444655358444
8.064601255314221
8.064601255314221
8.064601255314221
8.064601255314221
8.059536594360202
8.059536594360202
8.059536594360202
8.059536594360202
8.084686234300795
8.084686234300795
8.084686234300795
8.084686234300795
8.109895544127555
8.109895544127555
8.109895544127555
8.109895544127555
8.135164594539749
8.135164594539749
8.135164594539749
8.135164594539749
8.16049345627299
8.16049345627299
8.16049345627299
8.16049345627299
8.155007799651523
8.155007799651523
8.155007799651523
8.155007799651523
8.174887766826105
8.174887766826105
8.174887766826105
8.174887766826105
8.19480453009397
8.19480453009397
8.19480453009397
8.19480453009397
8.214758123480408
8.214758123480408
8.214758123480408
8.214758123480408
8.211403085212645
8.211403085212645
8.211403085212645
8.211403085212645
8.228027153826073
8.228027153826073
8.228027153826073
8.228027153826073
8.244676755533268
8.244676755533268
8.244676755533268
8.244676755533268
8.261351909921553
8.261351909921553
8.261351909921553
8.261351909921553
8.278052636596435
8.278052636596435
8.278052636596435
8.278052636596435
8.274430912835092
8.274430912835092
8.274430912835092
8.274430912835092
8.287525614057065
8.287525614057065
8.287525614057065
8.287525614057065
8.30063602300201
8.30063602300201
8.30063602300201
8.30063602300201
8.313762149083166
8.313762149083166
8.313762149083166
8.313762149083166
8.311551637406772
8.311551637406772
8.311551637406772
8.311551637406772
8.322478128606004
8.322478128606004
8.322478128606004
8.322478128606004
8.33341550200875
8.33341550200875
8.33341550200875
8.33341550200875
8.344363763039631
8.344363763039631
8.344363763039631
8.344363763039631
8.35532291710769
8.35532291710769
8.35532291710769
8.35532291710769
8.352942363282057
8.352942363282057
8.352942363282057
8.352942363282057
8.361527642214563
8.361527642214563
8.361527642214563
8.361527642214563
8.370119602428705
8.370119602428705
8.370119602428705
8.370119602428705
8.378718246513452
8.378718246513452
8.378718246513452
8.378718246513452
8.377267494313891
8.377267494313891
8.377267494313891
8.377267494313891
8.384420007055256
8.384420007055256
8.384420007055256
8.384420007055256
8.39157714214074
8.39157714214074
8.39157714214074
8.39157714214074
8.398738901064778
8.398738901064778
8.398738901064778
8.398738901064778
8.405905285323099
8.405905285323099
8.405905285323099
8.405905285323099
8.404345659003981
8.404345659003981
8.404345659003981
8.404345659003981
8.409955249228231
8.409955249228231
8.409955249228231
8.409955249228231
8.415567672450335
8.415567672450335
8.415567672450335
8.415567672450335
8.421182929390893
8.421182929390893
8.421182929390893
8.421182929390893
8.420233592773608
8.420233592773608
8.420233592773608
8.420233592773608
8.424901470223409
8.424901470223409
8.424901470223409
8.424901470223409
8.429571305217818
8.429571305217818
8.429571305217818
8.429571305217818
8.434243098163225
8.434243098163225
8.434243098163225
8.434243098163225
8.438916849467322
8.438916849467322
8.438916849467322
8.438916849467322
8.437897631960613
8.437897631960613
8.437897631960613
8.437897631960613
8.44155336342445
8.44155336342445
8.44155336342445
8.44155336342445
8.44521029275599
8.44521029275599
8.44521029275599
8.44521029275599
8.448868420143492
8.448868420143492
8.448868420143492
8.448868420143492
8.448248627741101
8.448248627741101
8.448248627741101
8.448248627741101
8.451287789364352
8.451287789364352
8.451287789364352
8.451287789364352
8.454327777737406
8.454327777737406
8.454327777737406
8.454327777737406
8.457368592977113
8.457368592977113
8.457368592977113
8.457368592977113
8.460410235196436
8.460410235196436
8.460410235196436
8.460410235196436
8.459745530871443
8.459745530871443
8.459745530871443
8.459745530871443
8.462122973876252
8.462122973876252
8.462122973876252
8.462122973876252
8.464500922043475
8.464500922043475
8.464500922043475
8.464500922043475
8.466879375421152
8.466879375421152
8.466879375421152
8.466879375421152
8.46647549804072
8.46647549804072
8.46647549804072
8.46647549804072
8.468450422287537
8.468450422287537
8.468450422287537
8.468450422287537
8.47042569481509
8.47042569481509
8.47042569481509
8.47042569481509
8.472401315648044
8.472401315648044
8.472401315648044
8.472401315648044
8.474377284827948
8.474377284827948
8.474377284827948
8.474377284827948
8.473944530111881
8.473944530111881
8.473944530111881
8.473944530111881
8.475487957066916
8.475487957066916
8.475487957066916
8.475487957066916
8.47703159652873
8.47703159652873
8.47703159652873
8.47703159652873
8.478575448510307
8.478575448510307
8.478575448510307
8.478575448510307
8.478312697662108
8.478312697662108
8.478312697662108
8.478312697662108
8.479593945147323
8.479593945147323
8.479593945147323
8.479593945147323
8.480875338983079
8.480875338983079
8.480875338983079
8.480875338983079
8.482156879192743
8.482156879192743
8.482156879192743
8.482156879192743
8.481942958488045
8.481942958488045
8.481942958488045
8.481942958488045
8.483010679585874
8.483010679585874
8.483010679585874
8.483010679585874
8.484078502271371
8.484078502271371
8.484078502271371
8.484078502271371
8.485146426556224
8.485146426556224
8.485146426556224
8.485146426556224
8.484968240946897
8.484968240946897
8.484968240946897
8.484968240946897
8.485858050146403
8.485858050146403
8.485858050146403
8.485858050146403
8.486747929876383
8.486747929876383
8.486747929876383
8.486747929876383
8.48763788013554
8.48763788013554
8.48763788013554
8.48763788013554
8.487489264745012
8.487489264745012
8.487489264745012
8.487489264745012
8.488230648559883
8.488230648559883
8.488230648559883
8.488230648559883
8.488972081322295
8.488972081322295
8.488972081322295
8.488972081322295
8.489713563034845
8.489713563034845
8.489713563034845
8.489713563034845
8.489589624618977
8.489589624618977
8.489589624618977
8.489589624618977
8.490207201868238
8.490207201868238
8.490207201868238
8.490207201868238
8.49082481307267
8.49082481307267
8.49082481307267
8.49082481307267
8.491442458229681
8.491442458229681
8.491442458229681
8.491442458229681
8.491339122731086
8.491339122731086
8.491339122731086
8.491339122731086
8.491853455938179
8.491853455938179
8.491853455938179
8.491853455938179
8.492367812686156
8.492367812686156
8.492367812686156
8.492367812686156
8.492882192981513
8.492882192981513
8.492882192981513
8.492882192981513
8.492796052875391
8.492796052875391
8.492796052875391
8.492796052875391
8.493224309378741
8.493224309378741
8.493224309378741
8.493224309378741
8.493652582203998
8.493652582203998
8.493652582203998
8.493652582203998
8.49408087135116
8.49408087135116
8.49408087135116
8.49408087135116
8.49400908229703
8.49400908229703
8.49400908229703
8.49400908229703
8.49436559369244
8.49436559369244
8.49436559369244
8.49436559369244
8.494722116398018
8.494722116398018
8.494722116398018
8.494722116398018
8.495078650411166
8.495078650411166
8.495078650411166
8.495078650411166
8.495018832585245
8.495018832585245
8.495018832585245
8.495018832585245
8.495315556606885
8.495315556606885
8.495315556606885
8.495315556606885
8.495612288460338
8.495612288460338
8.495612288460338
8.495612288460338
8.495909028148203
8.495909028148203
8.495909028148203
8.495909028148203
8.495859195340302
8.495859195340302
8.495859195340302
8.495859195340302
8.496106107650078
8.496106107650078
8.496106107650078
8.496106107650078
8.496353025377987
8.496353025377987
8.496353025377987
8.496353025377987
8.496599948534413
8.496599948534413
8.496599948534413
8.496599948534413
8.496558442829146
8.496558442829146
8.496558442829146
8.496558442829146
8.49676386403002
8.49676386403002
8.49676386403002
8.49676386403002
8.496969288992295
8.496969288992295
8.496969288992295
8.496969288992295
8.497174717697792
8.497174717697792
8.497174717697792
8.497174717697792
8.497140156742269
8.497140156742269
8.497140156742269
8.497140156742269
8.497311027081208
8.497311027081208
8.497311027081208
8.497311027081208
8.497481900031184
8.497481900031184
8.497481900031184
8.497481900031184
8.497652775570126
8.497652775570126
8.497652775570126
8.497652775570126
8.497624000237641
8.497624000237641
8.497624000237641
8.497624000237641
8.497766102238455
8.497766102238455
8.497766102238455
8.497766102238455
8.497908206034925
8.497908206034925
8.497908206034925
8.497908206034925
8.49805031162835
8.49805031162835
8.49805031162835
8.49805031162835
8.498026357309953
8.498026357309953
8.498026357309953
8.498026357309953
8.49814450982493
8.49814450982493
8.49814450982493
8.49814450982493
8.49826266358635
8.49826266358635
8.49826266358635
8.49826266358635
8.498380818583827
8.498380818583827
8.498380818583827
8.498380818583827
8.498360884692028
8.498360884692028
8.498360884692028
8.498360884692028
8.498459106654632
8.498459106654632
8.498459106654632
8.498459106654632
8.498557329479361
8.498557329479361
8.498557329479361
8.498557329479361
8.498655553158422
8.498655553158422
8.498655553158422
8.498655553158422
8.49863896610914
8.49863896610914
8.49863896610914
8.49863896610914
8.49872060333358
8.49872060333358
8.49872060333358
8.49872060333358
8.498802241150077
8.498802241150077
8.498802241150077
8.498802241150077
8.498883879561232
8.498883879561232
8.498883879561232
8.498883879561232
8.498870080123716
8.498870080123716
8.498870080123716
8.498870080123716
8.498937919506343
8.498937919506343
8.498937919506343
8.498937919506343
8.499005759301854
8.499005759301854
8.499005759301854
8.499005759301854
8.49907359950246
8.49907359950246
8.49907359950246
8.49907359950246
8.499062122838007
8.499062122838007
8.499062122838007
8.499062122838007
8.499118486657206
8.499118486657206
8.499118486657206
8.499118486657206
8.499174850756855
8.499174850756855
8.499174850756855
8.499174850756855
8.499231215144745
8.499231215144745
8.499231215144745
8.499231215144745
8.49922167005994
8.49922167005994
8.49922167005994
8.49922167005994
8.499268489559082
8.499268489559082
8.499268489559082
8.499268489559082
8.49931530925298
8.49931530925298
8.49931530925298
8.49931530925298
8.499362129137738
8.499362129137738
8.499362129137738
8.499362129137738
8.499354194133488
8.499354194133488
8.499354194133488
8.499354194133488
8.499393079158116
8.499393079158116
8.499393079158116
8.499393079158116
8.49943196430609
8.49943196430609
8.49943196430609
8.49943196430609
8.499470849592992
8.499470849592992
8.499470849592992
8.499470849592992
8.499464251903508
8.499464251903508
8.499464251903508
8.499464251903508
8.499496539595704
8.499496539595704
8.499496539595704
8.499496539595704
8.499528827383982
8.499528827383982
8.499528827383982
8.499528827383982
8.499561115259251
8.499561115259251
8.499561115259251
8.499561115259251
8.49955563419278
8.49955563419278
8.49955563419278
8.49955563419278
8.49958244107039
8.49958244107039
8.49958244107039
8.49958244107039
8.499609248015515
8.499609248015515
8.499609248015515
8.499609248015515
8.499636055022965
8.499636055022965
8.499636055022965
8.499636055022965
8.499631499049316
8.499631499049316
8.499631499049316
8.499631499049316
8.499653750131158
8.499653750131158
8.499653750131158
8.499653750131158
8.499676001255846
8.499676001255846
8.499676001255846
8.499676001255846
8.499698252419485
8.499698252419485
8.499698252419485
8.499698252419485
8.49969446731476
8.49969446731476
8.49969446731476
8.49969446731476
8.49971293339964
8.49971293339964
8.49971293339964
8.49971293339964
8.499731399519577
8.499731399519577
8.499731399519577
8.499731399519577
8.49974986566678
8.49974986566678
8.49974986566678
8.49974986566678
8.499746722132032
8.499746722132032
8.499746722132032
8.499746722132032
8.499762044770456
8.499762044770456
8.499762044770456
8.499762044770456
8.499777367420565
8.499777367420565
8.499777367420565
8.499777367420565
8.499792690101835
8.499792690101835
8.499792690101835
8.499792690101835
8.499790077556831
8.499790077556831
8.499790077556831
8.499790077556831
8.49980278769829
8.49980278769829
8.49980278769829
8.49980278769829
8.499815497856629
8.499815497856629
8.499815497856629
8.499815497856629
8.499828208030548
8.499828208030548
8.499828208030548
8.499828208030548
8.49982604138221
8.49982604138221
8.49982604138221
8.49982604138221
8.499836584915581
8.499836584915581
8.499836584915581
8.499836584915581
8.499847128465833
8.499847128465833
8.499847128465833
8.499847128465833
8.499857672021276
8.499857672021276
8.499857672021276
8.499857672021276
8.499855872474955
8.499855872474955
8.499855872474955
8.499855872474955
8.499864616484079
8.499864616484079
8.499864616484079
8.499864616484079
8.499873360506184
8.499873360506184
8.499873360506184
8.499873360506184
8.499882104536082
8.499882104536082
8.499882104536082
8.499882104536082
8.4998806103682
8.4998806103682
8.4998806103682
8.4998806103682
8.499887860231512
8.499887860231512
8.499887860231512
8.499887860231512
8.499895110102617
8.499895110102617
8.499895110102617
8.499895110102617
8.499902359976318
8.499902359976318
8.499902359976318
8.499902359976318
8.499901119995735
8.499901119995735
8.499901119995735
8.499901119995735
8.499907129895346
8.499907129895346
8.499907129895346
8.499907129895346
8.499913139798853
8.499913139798853
8.499913139798853
8.499913139798853
8.499919149701059
8.499919149701059
8.499919149701059
8.499919149701059
8.499918120812026
8.499918120812026
8.499918120812026
8.499918120812026
8.4999231018252
8.4999231018252
8.4999231018252
8.4999231018252
8.499928082835776
8.499928082835776
8.499928082835776
8.499928082835776
8.49993306385544
8.49993306385544
8.49993306385544
8.49993306385544
8.499932209930595
8.499932209930595
8.499932209930595
8.499932209930595
8.499936337025414
8.499936337025414
8.499936337025414
8.499936337025414
8.499940464115038
8.499940464115038
8.499940464115038
8.499940464115038
8.499944591213753
8.499944591213753
8.499944591213753
8.499944591213753
8.499943883373279
8.499943883373279
8.499943883373279
8.499943883373279
8.499947302632815
8.499947302632815
8.499947302632815
8.499947302632815
8.499950721893653
8.499950721893653
8.499950721893653
8.499950721893653
8.499954141157085
8.499954141157085
8.499954141157085
8.499954141157085
8.49995355488891
8.49995355488891
8.49995355488891
8.49995355488891
8.499956387884167
8.499956387884167
8.499956387884167
8.499956387884167
8.499959220879425
8.499959220879425
8.499959220879425
8.499959220879425
8.499962053879875
8.499962053879875
8.499962053879875
8.499962053879875
8.499961567153125
8.499961567153125
8.499961567153125
8.499961567153125
8.49996391342553
8.49996391342553
8.49996391342553
8.49996391342553
8.499966259697933
8.499966259697933
8.499966259697933
8.499966259697933
8.49996860597423
8.49996860597423
8.49996860597423
8.49996860597423
8.499968202679934
8.499968202679934
8.499968202679934
8.499968202679934
8.499970145658041
8.499970145658041
8.499970145658041
8.499970145658041
8.499972088642641
8.499972088642641
8.499972088642641
8.499972088642641
8.499974031620749
8.499974031620749
8.499974031620749
8.499974031620749
8.49997369806232
8.49997369806232
8.49997369806232
8.49997369806232
8.49997530748719
8.49997530748719
8.49997530748719
8.49997530748719
8.499976916912063
8.499976916912063
8.499976916912063
8.499976916912063
8.499978526335637
8.499978526335637
8.499978526335637
8.499978526335637
8.499978248493193
8.499978248493193
8.499978248493193
8.499978248493193
8.499979580069128
8.499979580069128
8.499979580069128
8.499979580069128
8.499980911654152
8.499980911654152
8.499980911654152
8.499980911654152
8.499982243240476
8.499982243240476
8.499982243240476
8.499982243240476
8.499982014288443
8.499982014288443
8.499982014288443
8.499982014288443
8.49998311692663
8.49998311692663
8.49998311692663
8.49998311692663
8.499984219547938
8.499984219547938
8.499984219547938
8.499984219547938
8.499985322186125
8.499985322186125
8.499985322186125
8.499985322186125
8.499985129923651
8.499985129923651
8.499985129923651
8.499985129923651
8.499986040291574
8.499986040291574
8.499986040291574
8.499986040291574
8.499986950663391
8.499986950663391
8.499986950663391
8.499986950663391
8.499987861031315
8.499987861031315
8.499987861031315
8.499987861031315
8.499987705772606
8.499987705772606
8.499987705772606
8.499987705772606
8.49998846088182
8.49998846088182
8.49998846088182
8.49998846088182
8.499989215991032
8.499989215991032
8.499989215991032
8.499989215991032
8.499989971101545
8.499989971101545
8.499989971101545
8.499989971101545
8.499989840177031
8.499989840177031
8.499989840177031
8.499989840177031
8.499990464356538
8.499990464356538
8.499990464356538
8.499990464356538
8.499991088537342
8.499991088537342
8.499991088537342
8.499991088537342
8.499991712720744
8.499991712720744
8.499991712720744
8.499991712720744
8.499991604896966
8.499991604896966
8.499991604896966
8.499991604896966
8.499992121250099
8.499992121250099
8.499992121250099
8.499992121250099
8.499992637608425
8.499992637608425
8.499992637608425
8.499992637608425
8.499993153968049
8.499993153968049
8.499993153968049
8.499993153968049
8.499993064834419
8.499993064834419
8.499993064834419
8.499993064834419
8.499993492064307
8.499993492064307
8.499993492064307
8.499993492064307
8.499993919295495
8.499993919295495
8.499993919295495
8.499993919295495
8.499994346516296
8.499994346516296
8.499994346516296
8.499994346516296
8.499994272500976
8.499994272500976
8.499994272500976
8.499994272500976
8.499994625706456
8.499994625706456
8.499994625706456
8.499994625706456
8.499994978914533
8.499994978914533
8.499994978914533
8.499994978914533
8.49999533212261
8.49999533212261
8.49999533212261
8.49999533212261
8.499995270666497
8.499995270666497
8.499995270666497
8.499995270666497
8.499995562423656
8.499995562423656
8.499995562423656
8.499995562423656
8.499995854173024
8.499995854173024
8.499995854173024
8.499995854173024
8.49999614593148
8.49999614593148
8.49999614593148
8.49999614593148
8.499996094353426
8.499996094353426
8.499996094353426
8.499996094353426
8.499996334526037
8.499996334526037
8.499996334526037
8.499996334526037
8.499996574699948
8.499996574699948
8.499996574699948
8.499996574699948
8.499996814877752
8.499996814877752
8.499996814877752
8.499996814877752
8.499996774008716
8.499996774008716
8.499996774008716
8.499996774008716
8.499996973312292
8.499996973312292
8.499996973312292
8.499996973312292
8.499997172611973
8.499997172611973
8.499997172611973
8.499997172611973
8.499997371916848
8.499997371916848
8.499997371916848
8.499997371916848
8.499997336960625
8.499997336960625
8.499997336960625
8.499997336960625
8.499997501307979
8.499997501307979
8.499997501307979
8.499997501307979
8.499997665651435
8.499997665651435
8.499997665651435
8.499997665651435
8.499997829996191
8.499997829996191
8.499997829996191
8.499997829996191
8.499997801439672
8.499997801439672
8.499997801439672
8.499997801439672
8.499997937229207
8.499997937229207
8.499997937229207
8.499997937229207
8.49999807300446
8.49999807300446
8.49999807300446
8.49999807300446
8.499998208793995
8.499998208793995
8.499998208793995
8.499998208793995
8.499998184175455
8.499998184175455
8.499998184175455
8.499998184175455
8.499998295341257
8.499998295341257
8.499998295341257
8.499998295341257
8.499998406512253
8.499998406512253
8.499998406512253
8.499998406512253
8.499998517679352
8.499998517679352
8.499998517679352
8.499998517679352
8.499998628842558
8.499998628842558
8.499998628842558
8.499998628842558
8.49999860438112
8.49999860438112
8.49999860438112
8.49999860438112
8.499998691080293
8.499998691080293
8.499998691080293
8.499998691080293
8.49999877779115
8.49999877779115
8.49999877779115
8.49999877779115
8.499998864494218
8.499998864494218
8.499998864494218
8.499998864494218
8.499998951199881
8.499998951199881
8.499998951199881
8.499998951199881
8.499998930636176
8.499998930636176
8.499998930636176
8.499998930636176
8.499998996780729
8.499998996780729
8.499998996780729
8.499998996780729
8.499999062922686
8.499999062922686
8.499999062922686
8.499999062922686
8.499999129071137
8.499999129071137
8.499999129071137
8.499999129071137
8.499999117331205
8.499999117331205
8.499999117331205
8.499999117331205
8.49999917173453
8.49999917173453
8.49999917173453
8.49999917173453
8.499999226143048
8.499999226143048
8.499999226143048
8.499999226143048
8.49999928054897
8.49999928054897
8.49999928054897
8.49999928054897
8.499999334948399
8.499999334948399
8.499999334948399
8.499999334948399
8.499999322826746
8.499999322826746
8.499999322826746
8.499999322826746
8.49999936510452
8.49999936510452
8.49999936510452
8.49999936510452
8.499999407384893
8.499999407384893
8.499999407384893
8.499999407384893
8.499999449661368
8.499999449661368
8.499999449661368
8.499999449661368
8.499999442378769
8.499999442378769
8.499999442378769
8.499999442378769
8.499999477376539
8.499999477376539
8.499999477376539
8.499999477376539
8.499999512369117
8.499999512369117
8.499999512369117
8.499999512369117
8.499999547364292
8.499999547364292
8.499999547364292
8.499999547364292
8.499999540598445
8.499999540598445
8.499999540598445
8.499999540598445
8.499999568831669
8.499999568831669
8.499999568831669
8.499999568831669
8.499999597062295
8.499999597062295
8.499999597062295
8.499999597062295
8.499999625290325
8.499999625290325
8.499999625290325
8.499999625290325
8.499999620562933
8.499999620562933
8.499999620562933
8.499999620562933
8.499999644073956
8.499999644073956
8.499999644073956
8.499999644073956
8.499999667581084
8.499999667581084
8.499999667581084
8.499999667581084
8.499999691085616
8.499999691085616
8.499999691085616
8.499999691085616
8.499999686797075
8.499999686797075
8.499999686797075
8.499999686797075
8.499999706015663
8.499999706015663
8.499999706015663
8.499999706015663
8.499999725229054
8.499999725229054
8.499999725229054
8.499999725229054
8.499999744443747
8.499999744443747
8.499999744443747
8.499999744443747
8.499999741021224
8.499999741021224
8.499999741021224
8.499999741021224
8.4999997568069
8.4999997568069
8.4999997568069
8.4999997568069
8.499999772595173
8.499999772595173
8.499999772595173
8.499999772595173
8.499999788378252
8.499999788378252
8.499999788378252
8.499999788378252
8.49999980417042
8.49999980417042
8.49999980417042
8.49999980417042
8.499999800412915
8.499999800412915
8.499999800412915
8.499999800412915
8.49999981244628
8.49999981244628
8.49999981244628
8.49999981244628
8.49999982448354
8.49999982448354
8.49999982448354
8.49999982448354
8.499999836519502
8.499999836519502
8.499999836519502
8.499999836519502
8.499999848551568
8.499999848551568
8.499999848551568
8.499999848551568
8.499999846149569
8.499999846149569
8.499999846149569
8.499999846149569
8.499999855790023
8.499999855790023
8.499999855790023
8.499999855790023
8.499999865430478
8.499999865430478
8.499999865430478
8.499999865430478
8.499999875069634
8.499999875069634
8.499999875069634
8.499999875069634
8.49999987321555
8.49999987321555
8.49999987321555
8.49999987321555
8.499999881000623
8.499999881000623
8.499999881000623
8.499999881000623
8.499999888784398
8.499999888784398
8.499999888784398
8.499999888784398
8.499999896568172
8.499999896568172
8.499999896568172
8.499999896568172
8.499999904358438
8.499999904358438
8.499999904358438
8.499999904358438
8.4999999025485
8.4999999025485
8.4999999025485
8.4999999025485
8.49999990852753
8.49999990852753
8.49999990852753
8.49999990852753
8.499999914506558
8.499999914506558
8.499999914506558
8.499999914506558
8.499999920481693
8.499999920481693
8.499999920481693
8.499999920481693
8.49999992646202
8.49999992646202
8.49999992646202
8.49999992646202
8.499999924946813
8.499999924946813
8.499999924946813
8.499999924946813
8.499999929401548
8.499999929401548
8.499999929401548
8.499999929401548
8.499999933866668
8.499999933866668
8.499999933866668
8.499999933866668
8.499999932756555
8.499999932756555
8.499999932756555
8.499999932756555
8.499999936114161
8.499999936114161
8.499999936114161
8.499999936114161
8.499999939463976
8.499999939463976
8.499999939463976
8.499999939463976
8.499999942822878
8.499999942822878
8.499999942822878
8.499999942822878
8.499999942194464
8.499999942194464
8.499999942194464
8.499999942194464
8.499999944921056
8.499999944921056
8.499999944921056
8.499999944921056
8.499999947645053
8.499999947645053
8.499999947645053
8.499999947645053
8.499999950372946
8.499999950372946
8.499999950372946
8.499999950372946
8.499999953100836
8.499999953100836
8.499999953100836
8.499999953100836
8.49999995740366
8.49999995740366
8.49999995740366
8.49999995740366
8.49999995618708
8.49999995618708
8.49999995618708
8.49999995618708
8.499999959282412
8.499999959282412
8.499999959282412
8.499999959282412
8.499999958399515
8.499999958399515
8.499999958399515
8.499999958399515
8.499999960606758
8.499999960606758
8.499999960606758
8.499999960606758
8.499999962811403
8.499999962811403
8.499999962811403
8.499999962811403
8.49999996244526
8.49999996244526
8.49999996244526
8.49999996244526
8.49999996427857
8.49999996427857
8.49999996427857
8.49999996427857
8.499999966117073
8.499999966117073
8.499999966117073
8.499999966117073
8.499999965810655
8.499999965810655
8.499999965810655
8.499999965810655
8.499999967347936
8.499999967347936
8.499999967347936
8.499999967347936
8.49999996887353
8.49999996887353
8.49999996887353
8.49999996887353
8.499999970404316
8.499999970404316
8.499999970404316
8.499999970404316
8.499999970404316
8.499999970404316
8.499999970404316
8.499999970404316
8.499999969181244
8.499999969181244
8.499999969181244
8.499999969181244
8.499999969486364
8.499999969486364
8.499999969486364
8.499999969486364
8.499999969791482
8.499999969791482
8.499999969791482
8.499999969791482
8.4999999700979
8.4999999700979
8.4999999700979
8.4999999700979
8.499999970712032
8.499999970712032
8.499999970712032
8.499999970712032
8.499999971324867
8.499999971324867
8.499999971324867
8.499999971324867
8.499999971931208
8.499999971931208
8.499999971931208
8.499999971931208
8.499999972550535
8.499999972550535
8.499999972550535
8.499999972550535
8.499999973160772
8.499999973160772
8.499999973160772
8.499999973160772
8.49999997377101
8.49999997377101
8.49999997377101
8.49999997377101
8.499999974383844
8.499999974383844
8.499999974383844
8.499999974383844
8.499999975130411
8.499999975130411
8.499999975130411
8.499999975130411
8.499999975886066
8.499999975886066
8.499999975886066
8.499999975886066
8.499999975753632
8.499999975753632
8.499999975753632
8.499999975753632
8.49999997636387
8.49999997636387
8.49999997636387
8.49999997636387
8.499999976247016
8.499999976247016
8.499999976247016
8.499999976247016
8.499999976739101
8.499999976739101
8.499999976739101
8.499999976739101
8.499999977235081
8.499999977235081
8.499999977235081
8.499999977235081
8.49999997773236
8.49999997773236
8.49999997773236
8.49999997773236
8.499999978604869
8.499999978604869
8.499999978604869
8.499999978604869
8.499999979479977
8.499999979479977
8.499999979479977
8.499999979479977
8.499999979270937
8.499999979270937
8.499999979270937
8.499999979270937
8.499999979931811
8.499999979931811
8.499999979931811
8.499999979931811
8.499999980593984
8.499999980593984
8.499999980593984
8.499999980593984
8.499999981260052
8.499999981260052
8.499999981260052
8.499999981260052
8.499999981919629
8.499999981919629
8.499999981919629
8.499999981919629
8.499999982584397
8.499999982584397
8.499999982584397
8.499999982584397
8.499999982403923
8.499999982403923
8.499999982403923
8.499999982403923
8.49999998288692
8.49999998288692
8.49999998288692
8.49999998288692
8.499999983367319
8.499999983367319
8.499999983367319
8.499999983367319
8.499999983856808
8.499999983856808
8.499999983856808
8.499999983856808
8.499999983747744
8.499999983747744
8.499999983747744
8.499999983747744
8.499999984121677
8.499999984121677
8.499999984121677
8.499999984121677
8.4999999845034
8.4999999845034
8.4999999845034
8.4999999845034
8.4999999844229
8.4999999844229
8.4999999844229
8.4999999844229
8.499999984718931
8.499999984718931
8.499999984718931
8.499999984718931
8.499999985024049
8.499999985024049
8.499999985024049
8.499999985024049
8.499999984973412
8.499999984973412
8.499999984973412
8.499999984973412
8.499999985229193
8.499999985229193
8.499999985229193
8.499999985229193
8.499999985177258
8.499999985177258
8.499999985177258
8.499999985177258
8.499999985381104
8.499999985381104
8.499999985381104
8.499999985381104
8.499999985586246
8.499999985586246
8.499999985586246
8.499999985586246
8.499999985860205
8.499999985860205
8.499999985860205
8.499999985860205
8.499999986136759
8.499999986136759
8.499999986136759
8.499999986136759
8.499999986413313
8.499999986413313
8.499999986413313
8.499999986413313
8.49999998668857
8.49999998668857
8.49999998668857
8.49999998668857
8.49999998715339
8.49999998715339
8.49999998715339
8.49999998715339
8.499999987619507
8.499999987619507
8.499999987619507
8.499999987619507
8.499999987527321
8.499999987527321
8.499999987527321
8.499999987527321
8.499999987898658
8.499999987898658
8.499999987898658
8.499999987898658
8.499999988277784
8.499999988277784
8.499999988277784
8.499999988277784
8.499999988173913
8.499999988173913
8.499999988173913
8.499999988173913
8.499999988453064
8.499999988453064
8.499999988453064
8.499999988453064
8.499999988724426
8.499999988724426
8.499999988724426
8.499999988724426
8.499999988668595
8.499999988668595
8.499999988668595
8.499999988668595
8.499999988891917
8.499999988891917
8.499999988891917
8.499999988891917
8.499999988891917
8.499999988891917
8.499999988891917
8.499999988891917
8.49999998871274
8.49999998871274
8.49999998871274
8.49999998871274
8.499999988756885
8.499999988756885
8.499999988756885
8.499999988756885
8.499999988802328
8.499999988802328
8.499999988802328
8.499999988802328
8.499999988891917
8.499999988891917
8.499999988891917
8.499999988891917
8.499999988980207
8.499999988980207
8.499999988980207
8.499999988980207
8.4999999890646
8.4999999890646
8.4999999890646
8.4999999890646
8.499999989187947
8.499999989187947
8.499999989187947
8.499999989187947
8.499999989315187
8.499999989315187
8.499999989315187
8.499999989315187
8.499999989435937
8.499999989435937
8.499999989435937
8.499999989435937
8.499999989564476
8.499999989564476
8.499999989564476
8.499999989564476
8.499999989535912
8.499999989535912
8.499999989535912
8.499999989535912
8.499999989630693
8.499999989630693
8.499999989630693
8.499999989630693
8.499999989728071
8.499999989728071
8.499999989728071
8.499999989728071
8.499999989837136
8.499999989837136
8.499999989837136
8.499999989837136
8.499999989943602
8.499999989943602
8.499999989943602
8.499999989943602
8.499999990055263
8.499999990055263
8.499999990055263
8.499999990055263
8.499999990164326
8.499999990164326
8.499999990164326
8.499999990164326
8.499999990270794
8.499999990270794
8.499999990270794
8.499999990270794
8.499999990379857
8.499999990379857
8.499999990379857
8.499999990379857
8.499999990490219
8.499999990490219
8.499999990490219
8.499999990490219
8.499999990600582
8.499999990600582
8.499999990600582
8.499999990600582
8.499999990704453
8.499999990704453
8.499999990704453
8.499999990704453
8.49999999081871
8.49999999081871
8.49999999081871
8.49999999081871
8.499999990784952
8.499999990784952
8.499999990784952
8.499999990784952
8.499999990860257
8.499999990860257
8.499999990860257
8.499999990860257
8.499999990931668
8.499999990931668
8.499999990931668
8.499999990931668
8.499999991048522
8.499999991048522
8.499999991048522
8.499999991048522
8.499999991029046
8.499999991029046
8.499999991029046
8.499999991029046
8.499999991118635
8.499999991118635
8.499999991118635
8.499999991118635
8.499999991100458
8.499999991100458
8.499999991100458
8.499999991100458
8.49999999117836
8.49999999117836
8.49999999117836
8.49999999117836
8.499999991256262
8.499999991256262
8.499999991256262
8.499999991256262
8.499999991326375
8.499999991326375
8.499999991326375
8.499999991326375
8.49999999142635
8.49999999142635
8.49999999142635
8.49999999142635
8.499999991408172
8.499999991408172
8.499999991408172
8.499999991408172
8.499999991484776
8.499999991484776
8.499999991484776
8.499999991484776
8.49999999156917
8.49999999156917
8.49999999156917
8.49999999156917
8.49999999155359
8.49999999155359
8.49999999155359
8.49999999155359
8.49999999161721
8.49999999161721
8.49999999161721
8.49999999161721
8.499999991680832
8.499999991680832
8.499999991680832
8.499999991680832
8.499999991750943
8.499999991750943
8.499999991750943
8.499999991750943
8.499999991815864
8.499999991815864
8.499999991815864
8.499999991815864
8.499999991882081
8.499999991882081
8.499999991882081
8.499999991882081
8.499999991948298
8.499999991948298
8.499999991948298
8.499999991948298
8.499999992015812
8.499999992015812
8.499999992015812
8.499999992015812
8.499999992107998
8.499999992107998
8.499999992107998
8.499999992107998
8.499999992092418
8.499999992092418
8.499999992092418
8.499999992092418
8.499999992172917
8.499999992172917
8.499999992172917
8.499999992172917
8.499999992254715
8.499999992254715
8.499999992254715
8.499999992254715
8.499999992333915
8.499999992333915
8.499999992333915
8.499999992333915
8.499999992454665
8.499999992454665
8.499999992454665
8.499999992454665
8.499999992414415
8.499999992414415
8.499999992414415
8.499999992414415
8.499999992496212
8.499999992496212
8.499999992496212
8.499999992496212
8.499999992583204
8.499999992583204
8.499999992583204
8.499999992583204
8.499999992568922
8.499999992568922
8.499999992568922
8.499999992568922
8.49999999263384
8.49999999263384
8.49999999263384
8.49999999263384
8.499999992700058
8.499999992700058
8.499999992700058
8.499999992700058
8.499999992785751
8.499999992785751
8.499999992785751
8.499999992785751
8.499999992864952
8.499999992864952
8.499999992864952
8.499999992864952
8.499999992949347
8.499999992949347
8.499999992949347
8.499999992949347
8.49999999293117
8.49999999293117
8.49999999293117
8.49999999293117
8.49999999299349
8.49999999299349
8.49999999299349
8.49999999299349
8.499999993061007
8.499999993061007
8.499999993061007
8.499999993061007
8.49999999312333
8.49999999312333
8.49999999312333
8.49999999312333
8.499999993190846
8.499999993190846
8.499999993190846
8.499999993190846
8.49999999325836
8.49999999325836
8.49999999325836
8.49999999325836
8.499999993349247
8.499999993349247
8.499999993349247
8.499999993349247
8.499999993327174
8.499999993327174
8.499999993327174
8.499999993327174
8.49999999326745
8.49999999326745
8.49999999326745
8.49999999326745
8.499999993286925
8.499999993286925
8.499999993286925
8.499999993286925
8.499999993299909
8.499999993299909
8.499999993299909
8.499999993299909
8.499999993321982
8.499999993321982
8.499999993321982
8.499999993321982
8.499999993342755
8.499999993342755
8.499999993342755
8.499999993342755
8.499999993358335
8.499999993358335
8.499999993358335
8.499999993358335
8.4999999933882
8.4999999933882
8.4999999933882
8.4999999933882
8.499999993414166
8.499999993414166
8.499999993414166
8.499999993414166
8.499999993441431
8.499999993441431
8.499999993441431
8.499999993441431
8.499999993492068
8.499999993492068
8.499999993492068
8.499999993492068
8.499999993538811
8.499999993538811
8.499999993538811
8.499999993538811
8.499999993585552
8.499999993585552
8.499999993585552
8.499999993585552
8.499999993681632
8.499999993681632
8.499999993681632
8.499999993681632
8.499999993654367
8.499999993654367
8.499999993654367
8.499999993654367
8.49999999360373
8.49999999360373
8.49999999360373
8.49999999360373
8.499999993615415
8.499999993615415
8.499999993615415
8.499999993615415
8.499999993630995
8.499999993630995
8.499999993630995
8.499999993630995
8.49999999365177
8.49999999365177
8.49999999365177
8.49999999365177
8.499999993672544
8.499999993672544
8.499999993672544
8.499999993672544
8.499999993692018
8.499999993692018
8.499999993692018
8.499999993692018
8.499999993738761
8.499999993738761
8.499999993738761
8.499999993738761
8.499999993784204
8.499999993784204
8.499999993784204
8.499999993784204
8.499999993825751
8.499999993825751
8.499999993825751
8.499999993825751
8.49999999387509
8.49999999387509
8.49999999387509
8.49999999387509
8.499999993924428
8.499999993924428
8.499999993924428
8.499999993924428
8.499999993976363
8.499999993976363
8.499999993976363
8.499999993976363
8.499999994028299
8.499999994028299
8.499999994028299
8.499999994028299
8.499999994077637
8.499999994077637
8.499999994077637
8.499999994077637
8.499999994125677
8.499999994125677
8.499999994125677
8.499999994125677
8.499999994224353
8.499999994224353
8.499999994224353
8.499999994224353
8.499999994187998
8.499999994187998
8.499999994187998
8.499999994187998
8.499999994143854
8.499999994143854
8.499999994143854
8.499999994143854
8.499999994150347
8.499999994150347
8.499999994150347
8.499999994150347
8.499999994165927
8.499999994165927
8.499999994165927
8.499999994165927
8.49999999418021
8.49999999418021
8.49999999418021
8.49999999418021
8.499999994193193
8.499999994193193
8.499999994193193
8.499999994193193
8.499999994210071
8.499999994210071
8.499999994210071
8.499999994210071
8.499999994225652
8.499999994225652
8.499999994225652
8.499999994225652
8.499999994249023
8.499999994249023
8.499999994249023
8.499999994249023
8.499999994269796
8.499999994269796
8.499999994269796
8.499999994269796
8.499999994304853
8.499999994304853
8.499999994304853
8.499999994304853
8.499999994334717
8.499999994334717
8.499999994334717
8.499999994334717
8.499999994365877
8.499999994365877
8.499999994365877
8.499999994365877
8.49999999441911
8.49999999441911
8.49999999441911
8.49999999441911
8.499999994406126
8.499999994406126
8.499999994406126
8.499999994406126
8.49999999444378
8.49999999444378
8.49999999444378
8.49999999444378
8.49999999448403
8.49999999448403
8.49999999448403
8.49999999448403
8.499999994526876
8.499999994526876
8.499999994526876
8.499999994526876
8.499999994573617
8.499999994573617
8.499999994573617
8.499999994573617
8.499999994616465
8.499999994616465
8.499999994616465
8.499999994616465
8.499999994660609
8.499999994660609
8.499999994660609
8.499999994660609
8.499999994702156
8.499999994702156
8.499999994702156
8.499999994702156
8.499999994746302
8.499999994746302
8.499999994746302
8.499999994746302
8.499999994791745
8.499999994791745
8.499999994791745
8.499999994791745
8.499999994837188
8.499999994837188
8.499999994837188
8.499999994837188
8.49999999487614
8.49999999487614
8.49999999487614
8.49999999487614
8.499999994870945
8.499999994870945
8.499999994870945
8.499999994870945
8.499999994904703
8.499999994904703
8.499999994904703
8.499999994904703
8.499999994944954
8.499999994944954
8.499999994944954
8.499999994944954
8.499999994938461
8.499999994938461
8.499999994938461
8.499999994938461
8.499999994965727
8.499999994965727
8.499999994965727
8.499999994965727
8.499999994999484
8.499999994999484
8.499999994999484
8.499999994999484
8.499999995031944
8.499999995031944
8.499999995031944
8.499999995031944
8.49999999506051
8.49999999506051
8.49999999506051
8.49999999506051
8.499999995087775
8.499999995087775
8.499999995087775
8.499999995087775
8.499999995138412
8.499999995138412
8.499999995138412
8.499999995138412
8.499999995128025
8.499999995128025
8.499999995128025
8.499999995128025
8.49999999509946
8.49999999509946
8.49999999509946
8.49999999509946
8.499999995100758
8.499999995100758
8.499999995100758
8.499999995100758
8.499999995111146
8.499999995111146
8.499999995111146
8.499999995111146
8.499999995117637
8.499999995117637
8.499999995117637
8.499999995117637
8.499999995130622
8.499999995130622
8.499999995130622
8.499999995130622
8.499999995133217
8.499999995133217
8.499999995133217
8.499999995133217
8.499999995152693
8.499999995152693
8.499999995152693
8.499999995152693
8.499999995159186
8.499999995159186
8.499999995159186
8.499999995159186
8.499999995173468
8.499999995173468
8.499999995173468
8.499999995173468
8.499999995181257
8.499999995181257
8.499999995181257
8.499999995181257
8.499999995190347
8.499999995190347
8.499999995190347
8.499999995190347
8.499999995204629
8.499999995204629
8.499999995204629
8.499999995204629
8.49999999521891
8.49999999521891
8.49999999521891
8.49999999521891
8.499999995234491
8.499999995234491
8.499999995234491
8.499999995234491
8.499999995253967
8.499999995253967
8.499999995253967
8.499999995253967
8.499999995272145
8.499999995272145
8.499999995272145
8.499999995272145
8.499999995295516
8.499999995295516
8.499999995295516
8.499999995295516
8.499999995312395
8.499999995312395
8.499999995312395
8.499999995312395
8.49999999533187
8.49999999533187
8.49999999533187
8.49999999533187
8.49999999535524
8.49999999535524
8.49999999535524
8.49999999535524
8.499999995378612
8.499999995378612
8.499999995378612
8.499999995378612
8.499999995401982
8.499999995401982
8.499999995401982
8.499999995401982
8.499999995582456
8.499999995582456
8.499999995582456
8.499999995582456
8.499999995505853
8.499999995505853
8.499999995505853
8.499999995505853
8.499999995422757
8.499999995422757
8.499999995422757
8.499999995422757
8.49999999544483
8.49999999544483
8.49999999544483
8.49999999544483
8.4999999954669
8.4999999954669
8.4999999954669
8.4999999954669
8.499999995487675
8.499999995487675
8.499999995487675
8.499999995487675
8.499999995522732
8.499999995522732
8.499999995522732
8.499999995522732
8.499999995565577
8.499999995565577
8.499999995565577
8.499999995565577
8.499999995555191
8.499999995555191
8.499999995555191
8.499999995555191
8.499999995588949
8.499999995588949
8.499999995588949
8.499999995588949
8.499999995613617
8.499999995613617
8.499999995613617
8.499999995613617
8.499999995648674
8.499999995648674
8.499999995648674
8.499999995648674
8.499999995636989
8.499999995636989
8.499999995636989
8.499999995636989
8.499999995621408
8.499999995621408
8.499999995621408
8.499999995621408
8.499999995629198
8.499999995629198
8.499999995629198
8.499999995629198
8.499999995630496
8.499999995630496
8.499999995630496
8.499999995630496
8.499999995639586
8.499999995639586
8.499999995639586
8.499999995639586
8.499999995639586
8.499999995639586
8.499999995639586
8.499999995639586
8.49999999565127
8.49999999565127
8.49999999565127
8.49999999565127
8.499999995655166
8.499999995655166
8.499999995655166
8.499999995655166
8.499999995662955
8.499999995662955
8.499999995662955
8.499999995662955
8.499999995673344
8.499999995673344
8.499999995673344
8.499999995673344
8.499999995679834
8.499999995679834
8.499999995679834
8.499999995679834
8.499999995695415
8.499999995695415
8.499999995695415
8.499999995695415
8.499999995707102
8.499999995707102
8.499999995707102
8.499999995707102
8.49999999571619
8.49999999571619
8.49999999571619
8.49999999571619
8.499999995734367
8.499999995734367
8.499999995734367
8.499999995734367
8.499999995760335
8.499999995760335
8.499999995760335
8.499999995760335
8.499999995774617
8.499999995774617
8.499999995774617
8.499999995774617
8.49999999577202
8.49999999577202
8.49999999577202
8.49999999577202
8.4999999957876
8.4999999957876
8.4999999957876
8.4999999957876
8.499999995800584
8.499999995800584
8.499999995800584
8.499999995800584
8.499999995816164
8.499999995816164
8.499999995816164
8.499999995816164
8.499999995833043
8.499999995833043
8.499999995833043
8.499999995833043
8.499999995855116
8.499999995855116
8.499999995855116
8.499999995855116
8.49999999587719
8.49999999587719
8.49999999587719
8.49999999587719
8.499999995930422
8.499999995930422
8.499999995930422
8.499999995930422
8.499999995907052
8.499999995907052
8.499999995907052
8.499999995907052
8.49999999588368
8.49999999588368
8.49999999588368
8.49999999588368
8.499999995890173
8.499999995890173
8.499999995890173
8.499999995890173
8.499999995897962
8.499999995897962
8.499999995897962
8.499999995897962
8.49999999590835
8.49999999590835
8.49999999590835
8.49999999590835
8.499999995922632
8.499999995922632
8.499999995922632
8.499999995922632
8.499999995935616
8.499999995935616
8.499999995935616
8.499999995935616
8.499999995958987
8.499999995958987
8.499999995958987
8.499999995958987
8.499999995983655
8.499999995983655
8.499999995983655
8.499999995983655
8.49999999600443
8.49999999600443
8.49999999600443
8.49999999600443
8.4999999960278
8.4999999960278
8.4999999960278
8.4999999960278
8.499999996051171
8.499999996051171
8.499999996051171
8.499999996051171
8.499999996074543
8.499999996074543
8.499999996074543
8.499999996074543
8.499999996213468
8.499999996213468
8.499999996213468
8.499999996213468
8.499999996181009
8.499999996181009
8.499999996181009
8.499999996181009
8.499999996293967
8.499999996293967
8.499999996293967
8.499999996293967
8.499999996253718
8.499999996253718
8.499999996253718
8.499999996253718
8.499999996197888
8.499999996197888
8.499999996197888
8.499999996197888
8.499999996209572
8.499999996209572
8.499999996209572
8.499999996209572
8.499999996223856
8.499999996223856
8.499999996223856
8.499999996223856
8.499999996238138
8.499999996238138
8.499999996238138
8.499999996238138
8.499999996268
8.499999996268
8.499999996268
8.499999996268
8.499999996292669
8.499999996292669
8.499999996292669
8.499999996292669
8.499999996317339
8.499999996317339
8.499999996317339
8.499999996317339
8.499999996380959
8.499999996380959
8.499999996380959
8.499999996380959
8.499999996347201
8.499999996347201
8.499999996347201
8.499999996347201
8.499999996326427
8.499999996326427
8.499999996326427
8.499999996326427
8.499999996330322
8.499999996330322
8.499999996330322
8.499999996330322
8.499999996335516
8.499999996335516
8.499999996335516
8.499999996335516
8.499999996347201
8.499999996347201
8.499999996347201
8.499999996347201
8.499999996362781
8.499999996362781
8.499999996362781
8.499999996362781
